573383 Layla 7.0 3.2 7.1 1.5 0.9 4.1 1.9 3.4 7.4 5.0
710340 Nicola 3.6 0.3 5.2 7.7 6.5 5.0 1.5 6.7 4.1 2.0 5.6 3.5 0.2 7.2
798552 Steffanie 6.7 0.1 3.6 5.8 1.4
542062 Davida 0.6 3.0 1.9
152440 Nicolle 0.7 2.0
824778 Laila 2.1 2.4 2.0
907295 Alane 1.9 5.4 1.2 3.7 6.0
237187 Ariel 7.3 8.0 6.2 5.9 5.9 5.8 4.3 5.7 6.7 4.6 4.4
594864 Jina 5.0 0.5 1.3 6.5
283938 Amal 6.9 0.3 0.9 5.1 3.7 2.3 3.9 3.2 7.2 2.6
10462 Maya 0.9 6.9 3.7 2.7 5.6 4.9 5.3 3.3 2.7 5.9 1.2 7.0 3.9 5.9
614474 Latanya 5.0
876799 Khadijah 4.2
742702 Lakisha 7.5 0.5 1.1 6.0 7.6 4.4
416445 Berenice 1.2 3.9 6.0 2.5 7.9 3.6 7.3 6.9 2.4 3.5 4.4 3.0
55553 Kena 0.8 0.4 1.2 6.7 4.7 1.1 7.5 1.5 4.9 2.7 2.3
637881 Sydney 1.4 1.9 5.2 7.8 5.1 4.8 5.9 4.0
503736 Son 6.1 7.6
798985 Elaina 5.9 5.4
468728 Ellena 4.3 6.2 6.8 7.5
814862 Branda 7.3 2.3 1.8 7.9 7.3
292474 Rickie 7.1 1.8 4.6 0.1 0.5 5.6 2.3 5.5 6.7 0.7 3.2 2.3
589143 Germaine 3.3 7.0 3.9 2.8 0.5 5.1 0.4
563760 Cherelle 3.8 3.8
657683 Caron 1.5
158415 Carlene 0.2 7.5 6.1 3.2 7.4 2.6 6.2 7.2 6.3 0.1
270676 Scot 2.1 2.3 4.3 6.6 4.0 6.6 4.6 5.1
499759 Scottie 3.1 4.8 1.8 3.4
882906 Despina 5.1 2.9 5.3 2.9 3.2 1.6 2.4 2.8 1.2
210050 Willette 5.1 1.8 5.8 3.7 5.9 7.7 3.6 7.1 1.1 3.3 5.8 4.9 5.5
401401 Kristyn 6.8 1.8
920425 Thea 1.0 6.8 3.5 1.0 7.3 2.5 0.7 6.4 4.6
214384 Carisa 0.2 3.1 4.3 1.3 4.4 5.6 0.7 2.4 0.6 7.4 4.1
972050 Rebbeca 0.7 3.3 5.6 0.6 1.4 5.0 2.1 1.9 6.8 2.9 6.4 4.9 2.3
69864 Daron 4.1 6.1 3.3 4.8 4.4 0.3 3.2 1.0 2.8 7.5 0.3
439664 Allyn 6.2 6.3 4.4 4.3 6.3 6.7 6.6 5.4 6.1 3.3
683990 Maurine 7.4 3.0 5.2 7.8 3.5 8.0 3.6 1.7
195176 Omega 1.0 7.7 0.2 0.5 2.2 2.3 2.6 0.4 2.8
689743 Gilberte 5.1 0.3 7.5 5.9 0.2
973165 Apryl 1.8
427113 Vikki 6.6 1.4 6.2 0.4 7.1
999918 Kathaleen 2.6 0.7 1.7 2.2 5.9 5.6 4.6 5.3 4.5
93884 Monnie 7.5 4.0 3.1 0.3
811466 Lenny 1.0 8.0 5.5 4.7 0.9 5.9 0.2 2.7
590470 Nicol 6.6 0.5 6.4
490269 Flor 3.4 5.9 0.7 8.0 5.0
595156 Jerrica 5.0 1.0
948135 Shannan 5.7 1.2 0.1 7.0 6.6 2.3 0.3 7.0 2.0 5.4 5.3 7.6 4.5
259534 Parthenia 2.1 7.4 4.8 2.7 5.6 4.5 6.7 6.6 4.6 5.9 4.9 7.0 7.3
182421 Johnna 4.4 1.2
740634 Erasmo 1.1 2.8 4.8 2.7 3.3 7.4 4.5 2.7 6.4 5.7 3.4
613659 Janise 0.8 5.4 5.1 3.6 1.6 5.9 0.0 6.2 4.7 7.2
591872 Evelia 2.5 5.1 6.2 6.8 3.0 3.9 2.1 1.4
668359 Rosia 3.1 6.5 3.4 0.5 2.0 4.8 3.2 1.7 4.4 3.7
142663 Patria 3.2 6.0 3.1 2.4 2.2 7.8 4.3 7.8 7.8 2.8 0.8 0.4 0.6 6.5
312159 Dagny 1.2 2.0 6.0 2.1 2.8 5.0 5.6
578198 Maude 4.7 7.9 4.4
457724 Delaine 3.6 3.8 6.6 4.5 4.7 3.4 4.8 7.7 5.9 2.3 5.4 4.7 3.5 6.1
333133 Dyan 4.8 7.5 4.4 7.7 4.5 0.4 1.8 1.3 6.2 4.7 4.3 6.2 6.4 7.5
947476 Von 7.9 0.2
135682 Marci 6.0 2.5 5.2
216075 Merrill 2.4 0.9 1.3 3.3 2.5 4.8 1.1 7.8
581371 Annalisa 6.2 2.4 5.3 4.9 5.0
994506 Giuseppina 0.2 7.3 7.7
311681 Augustine 7.2 6.2 3.3 5.0 6.1 1.8 6.2 6.8 6.9
401068 Chanelle 6.2 2.6 6.3 1.3 0.4 3.5 5.3 0.9 6.5 1.8 6.6 6.8 3.6
296957 Lawrence 2.6 1.5 1.5 3.6 5.3 1.3 6.2 6.0 1.8 3.8 5.5 0.3 4.0 0.1
977516 Andrew 1.6 6.6 1.7 2.5 6.6 7.7 8.0 5.1 6.7 5.7 5.2 7.8 4.8 3.9
519688 Leopoldo 7.9 1.5 0.9 0.4 2.1
467277 Kaley 3.4 7.5 7.7 1.7 2.4 5.1 6.5 7.1 5.4 5.7
192433 Sandie 3.4 7.0 6.5 6.9 7.8 0.4 6.0 6.6
185864 Cristie 0.4 7.6 0.8 4.2 3.1 7.1 5.7 0.3 6.7 5.2
209075 Maryrose 4.4 5.3
156164 Adrien 6.1 7.8 5.7 4.5 6.1 3.7 4.0 2.3 0.4 2.0 1.0 4.0 2.9 0.8
867530 Ligia 3.3 4.4 5.0 6.8 1.8
988011 Britteny 3.9 1.7 3.6 5.0 6.5 3.1 1.9 6.3 4.5 2.4 4.1 3.6 1.2
54664 Reyes 2.6 4.9 6.2 3.3
323987 Elvis 1.1 4.2 1.4 1.2 3.5 7.2 0.8 7.7 6.9
158065 Dori 6.7 6.1 2.2 0.8 1.5 5.9
967533 Ashlyn 7.0
101758 Earlean 7.6
200382 Ernie 3.9 2.8 4.9 2.0 4.8 6.7 5.6 2.9 2.6 4.5 2.6 0.1 1.7 7.7
182188 Thuy 5.2
834075 Danyell 1.4 3.9 6.1 2.1 6.9 3.4 7.4 2.9 4.8 5.4
343615 Svetlana 7.6 6.5 7.5 5.1 2.3 6.3 2.9 2.6 2.1 3.4 5.0 0.5 4.6
701364 Isaiah 6.5 0.3 7.5 1.5 6.9 3.5 7.7 5.1
812825 Laurette 5.2 0.9 4.9 6.6 1.0 0.0 4.6 4.0 1.7 4.4
494937 Ghislaine 2.8 2.3 1.2 3.2 3.2 6.6 1.6
454270 Suanne 5.9 3.8 2.4 4.4 4.4 5.8 3.2 7.1 0.2
540728 Hortensia 6.1 7.7 7.2 2.4 3.9 6.0 3.5 6.6 1.6 7.1 0.3 0.7 4.8 1.3
31791 Hertha 3.2 3.6 1.3 3.4 5.7 7.3 7.0 4.7 4.3 6.3
844586 Vernia 3.7 1.6 2.2 3.2 6.3 3.7 2.3 2.8 5.9 5.5 6.8
767080 Kary 7.6 2.1 2.5 2.4 7.1 0.1 4.4 3.8 4.0 0.2 7.8 1.5 6.9 1.6
818331 Brenna 0.4 0.5 4.6 7.9 1.9 4.5 1.1 1.4 1.2 1.3 3.7 1.3 1.9
648082 Carmel 6.4 0.4 1.1
706010 Alexia 1.7 0.6 7.9 7.5 5.9 7.6 5.8 2.3 7.8 0.1 0.5 5.0 5.0 6.3
844807 Nakita 2.3 1.2 0.3 4.6 4.8 2.8 7.9 2.9 6.0 0.6 4.1 4.8
721547 Lucinda 7.3 0.4 7.6 0.6 3.0 1.1 5.7 5.9 5.8 2.9 3.1 6.3 5.0
42082 Zula 6.7 0.5 7.2 7.0 7.5 4.3 1.8 7.5 4.4 8.0 1.6 1.7
676970 Omar 2.0 5.8 1.7 1.1 2.0 3.8 2.2 2.0
185349 Clifton 6.2 6.8 2.7 3.9 6.7 7.7 2.9 3.1 3.7 5.5 5.7 5.9 7.0 3.1
679968 Georgia 4.1 3.4 2.7 5.4 6.3 3.9 2.1 5.9 4.1 3.3 3.2 7.6 1.3 1.4
156362 Brandon 7.8 7.2 7.2 2.2
5805 Jan 4.7 3.6 7.3 2.6 2.2 4.2 1.4 5.5 0.9 3.5 3.4 2.6 6.3 5.6
83069 Raymond 4.2 2.1 3.9 6.3 3.0 6.7 7.0 1.6 1.9 5.3 2.0
77707 Jana 1.1
662358 Corey 7.4 4.1 1.4 1.7 4.1 1.6 5.0 8.0 7.1 4.9 7.9 4.2
922907 Estelle 5.4 2.1 7.5 1.7 5.8 1.9 0.6 0.8 6.5
599407 Pete 1.5 7.7 7.9 1.1 3.8
509496 Jeannette 1.8 7.6 2.4 4.3 2.3 2.6 1.2 5.6 7.1
235263 Whitney 2.1 4.5 4.3 1.7 4.4 3.0 5.7 2.3 4.9 7.5 6.1 7.4 0.8
680017 Alan 6.5
37515 Courtney 5.8 5.5 7.1 1.0 0.5 6.5 1.7 1.9 6.9 3.3 3.3
917637 Thomas 6.8 2.5 4.5 4.8 4.9 1.1 4.1 4.4 5.3 1.9 5.8 0.8
170454 Jessie 6.0 7.5 6.6 3.3 5.3 1.9 5.2
523049 Jonathan 0.9 6.4
368064 Jesse 7.6 6.5 5.4 7.7 2.0 7.5 1.0 3.6 5.4 6.5 0.3 7.6 7.0 4.3
556654 Elizabeth 1.4 5.6 4.7 3.0 0.5 5.2 3.1 4.1 4.5 3.4 4.5 3.5 6.0
70110 Leonard 2.9 2.7 3.3 5.3 4.3
518294 Janice 2.3 4.1 1.6 7.8 4.5 1.0 4.2 7.9 3.0 0.8 0.9
134147 Angel 0.6 2.1 0.5 2.5 1.4 4.8 4.4 5.7 4.9 3.6 7.3 1.5
800722 Archie 1.8 2.0 6.5 0.5 4.9 1.5 7.6 7.0 7.5
517654 Charlotte 4.7 3.7 1.9 3.2 4.8 4.7 7.2 4.2 7.6 6.0
791700 Lila 1.3 3.5 4.9 1.1
283638 Beatrice 1.4
920433 Edward 4.6 0.1 7.4 2.3 6.3 7.2 4.6 0.8 0.3 4.5 4.3 5.1 1.7 3.2
552368 Christopher 6.4 1.3
332369 Holly 2.1 5.3 4.7 2.5 3.4 1.9 6.4 5.9 7.7 2.9 2.0
317407 Colin 4.6 7.8 2.6 5.2 2.1 3.7 4.1 0.5 7.9 3.2 1.4
510103 Rudy 7.5 4.6 0.4 2.3 7.4 3.5 2.4 0.9 5.8 1.7 1.9 2.2
795438 Leslie 6.7 0.4 7.9 2.1 4.0 7.8 2.2 2.1 6.4 2.5 1.6 1.1 6.4
581259 Stuart 6.0
295652 Alyssa 5.8 3.5 0.9 1.6 6.2 4.5 0.9 4.7 3.5 6.2 1.1 4.9 6.8 5.7
489311 Danielle 0.6 5.6 3.1 2.7 2.1 4.2 2.2 5.3 0.6 5.7 3.8 0.6 6.5
264546 Warren 2.9 4.5 2.6 7.8 5.9 4.7 5.6 2.4 6.9
373269 Billy 4.0 5.9 7.7 2.6 6.8 3.3 2.1 4.3 3.8 4.4
657327 Jimmie 5.3 3.7 6.6 4.6 7.8 3.9 2.5 7.9 4.0 0.0 4.2 3.0
748802 Leona 0.5 1.4 5.2 7.4 3.8 3.4 0.2
387982 Elvira 7.5 7.4 2.2
455680 Ernestine 6.7 1.8 2.2 7.7 1.9 2.0 3.4 5.9 7.1
207234 Norma 6.1
628459 Patrick 4.6 4.9 1.3 7.2 3.6 3.0 3.4 7.5 5.6 3.0 3.8 7.3 0.8
591062 Doug 0.3 0.3 7.8 7.0 5.9 1.0 5.4 0.4 2.3 2.9 4.5 2.1
879140 Darrel 6.9 3.5 0.1 2.7 3.3 2.6 3.5 5.5 5.5 5.6 0.7 4.3 1.9
972311 Karla 1.2
130305 Ricky 4.8 4.4 2.6 0.8 4.0 0.9 7.7
102939 Darryl 7.4 4.6 2.6 0.2 3.5 0.9 0.1 3.6 2.7 7.3 1.0 2.1 3.6
875829 Anita 4.2 5.6
427328 Sandra 2.4 6.6 4.7 3.3 1.4 2.3 6.3 6.0 2.2 0.5 3.2
330696 Ernest 0.4 7.3 6.4 4.6
438664 Travis 3.3 1.2 4.1 3.2 6.2 7.8 5.0 1.5 5.5 0.9
692956 Emily 5.6 7.5 5.8 3.9 1.7 7.3 2.2 6.8 7.4
854589 Erik 2.8 6.5 1.0 1.2 6.8
257161 Rhonda 0.3 6.7 6.5 6.2 2.6 6.5 1.0 4.6 6.6 7.0 8.0 2.7 4.8 3.1
121656 Aaron 2.4 4.4 0.1 0.5 1.1
673262 Micheal 5.1 6.3 6.3 5.9 1.0 4.1 0.4 7.9 3.5 5.7
7327 Inez 0.9
40185 Guy 0.2 5.7
276809 Nettie 4.4 7.9 4.8 2.0 3.0 7.2
682418 Evan 4.8 6.7 2.8 4.1 1.8 5.0 2.1
187059 Sonya 7.5 4.8 6.9 7.9 3.0 4.7 1.9 7.1
600628 Alejandro 5.3 3.8 4.7 5.5 1.2 3.4 0.4 7.0
365724 Maxine 5.9 0.0 6.8 5.8 5.5 3.5 4.5 6.0 2.5 3.5 7.3 6.4
975884 Owen 2.4
434854 Candice 3.7 7.3 7.9 3.9 4.5 7.0
893609 Darrin 5.0 5.4 0.5 2.3 1.1 5.8 3.2 4.5 7.3 4.8 7.8 3.4 4.3 6.6
789698 Carmen 2.7 6.1
570840 Grant 4.5
74756 Enrique 2.5 2.9 3.7 2.5
11339 Bennie 3.7 0.5
950095 Kelly 4.7 3.3 0.4 4.2 3.4 7.1 2.7 4.9 1.0 5.4 5.5
772111 Louise 1.6 2.3 0.1 0.6 0.4 3.7 2.2 2.9
245739 Tonya 5.9 6.0 1.6 2.2 4.4 7.3 2.1 6.2 5.0 0.2
237284 Wesley 2.0 6.7 3.8 2.9 7.7 7.6 4.6 2.0 1.6 4.1 2.0 0.6 7.9
798754 Michele 1.5 2.6 4.8 1.3 2.6 0.5 5.8 1.3 1.1 7.7 0.4 0.8 3.3
408144 Lana 5.6 2.6 3.9 2.2 0.3 7.7 1.9
562758 Percy 5.5 4.0 0.6 5.7 6.2 6.7 2.1
911682 Randy 6.2 0.2 4.1 3.6 2.8
693917 Molly 5.8 6.4
309103 Jamie 1.7 7.7 5.1 1.1 1.8 0.8 3.6
949822 April 7.0 2.2 5.0 6.7 0.8 7.3 2.9 7.6 4.3
930801 Andy 6.6 4.9 1.5 2.0 7.0 7.0
838078 Daryl 0.7 1.0 3.3 2.0 2.2 0.4
123535 Max 5.5 3.9
258315 Rosemarie 5.7 7.1 3.8 0.5 5.6 1.8
499093 Geneva 2.0 0.3 5.8 7.0 1.9 2.3
223981 Anne 4.1 5.9
378442 Gail 2.8 0.9 5.2 0.3
954610 Marcos 4.3 6.4 3.1 3.4 4.8 2.7 6.4 2.3 6.9 5.8 1.3 2.8
509709 Kenny 5.1 3.6 3.6 0.6 7.8 2.0
231945 Damon 2.6 7.2 7.7 0.6 0.7 7.8 3.7 6.4 0.3 4.5 3.7 2.4 2.2
943469 Kyle 6.7 3.1 1.1 1.0 5.0 7.5 3.7
697083 Daniel 5.4 4.1 6.2 7.7 5.0 0.0 1.8 4.6 2.7 6.8 6.0 0.8 1.6
293261 Armando 3.7 0.7 2.5 3.7 4.4 7.4 1.3 6.3 1.6 1.9 5.6 3.9
539737 Natasha 6.4 6.6 7.1 0.3 6.3 2.0 5.4 3.4 1.2
239549 Suzanne 0.9 6.4 5.0 7.2 7.6 6.4 6.6 2.5 3.1 1.3 2.5 2.7 1.6 2.2
106600 Laura 2.0 0.8 6.5 7.8 5.9
474530 Hilda 5.5
50967 Jackie 7.7 2.9 1.2 0.5 1.0 4.5 3.0 4.2 1.6 1.9 4.0 3.0 0.2 4.0
168983 Alberto 0.5 3.4 4.2 2.8 4.1 1.1 6.8
129434 Marcia 5.1 0.3 3.7 3.6 5.5 5.0 0.0 0.9
257680 Whitney 3.5
383320 Charles 0.8 5.6 7.5 6.7 5.7 5.5 0.4 2.5 2.8 3.2 3.9
121875 Miriam 3.1 3.3 6.1 7.6 4.9 1.4 0.2 6.4
487815 Beatrice 5.9 0.7 2.5 3.0 3.2 1.0 3.5 5.3 1.3 4.9 7.4
972406 Frankie 2.9 0.2 7.8 4.0 4.6 3.5 2.2 7.5
155043 Tiffany 0.5 1.3 2.7
853649 Jerome 5.5 1.2 2.8 3.3 0.7 3.0 6.8 0.9
686914 Cynthia 7.2 3.2 6.6 2.3 1.9 1.3 0.7 4.7
625719 Nelson 3.0 6.1 3.9 3.9 4.6 3.3 3.0 2.8 5.2 6.3 5.5 6.1 4.4 5.7
66904 Jeanette 2.3
261066 Bruce 2.4 5.2 2.3 7.5
89005 Cornelius 2.1 2.6 6.3 6.1 6.8 2.7 4.5 0.6 8.0 7.4 0.1
68017 Carole 3.3 5.0 2.2 3.7 4.4 6.5
830199 Marco 4.0 6.3
337204 Debra 5.2 3.3 3.3 1.2 5.6 5.4 6.7 5.3 0.7 3.6 2.4 0.7
780533 Jeff 3.3 7.3 6.7 1.2 2.3 6.0
604149 Pat 4.8 1.1 1.7 6.9 1.5 5.4 6.2 1.9 8.0 0.5 0.3 7.9
437061 Arnold 4.3 4.3 0.2 7.2 1.0 5.6 4.8 2.5 5.9 3.9 0.4 2.7
677386 Edwin 4.1 7.7
53884 Jan 1.8 5.3 4.6 2.8 2.5 2.7 1.7 3.7
339767 Lillie 6.4 1.3 4.2 0.3 2.2 5.3 6.6 3.5
461884 Ora 0.7 4.1 1.2 7.8 1.6 4.3 6.8 6.4 3.5 5.0 7.0 2.6
584784 Ginger 7.6 4.6 6.1 3.7
70533 Julio 2.4 3.8 6.9 6.7 3.7 4.3
943623 Florence 1.0 5.6 1.1 2.2 4.1 7.3 1.9
393588 Phyllis 5.5 6.2 3.5 1.3 5.0 0.9 7.7 4.9 7.3
577277 Antonia 3.1 6.3 5.3
285830 Jacqueline 5.2 3.6 6.6 0.5 3.8 4.5 3.8 1.7 3.1 0.8
455204 Vanessa 4.6 2.9 3.1 1.1 7.6 7.4 3.8 6.3 3.5
960806 Ross 5.3 0.4 5.0 1.0
800253 Brent 3.8 5.6 7.7 5.9 7.3 5.6 6.1 5.2 3.2 2.1
276030 Gordon 0.3 7.7 1.2 3.1 7.1 0.5 5.1 5.8 2.4 2.7 6.6 1.7 6.3 3.5
223452 Rafael 2.4 5.0 4.1 0.7 4.6 3.2 6.0 5.9 4.0 4.6 4.7 5.0
370005 Owen 7.6 4.1 2.9 1.7 5.5 2.6 6.5 5.5 2.7 4.3 6.7
474246 Jill 0.4 2.9 1.2
960764 Terri 4.1 3.6 1.9 1.4 7.6 7.1 7.6 2.9 0.9
521431 Cheryl 2.0 6.0 4.7 3.8 6.9 1.6 5.4 7.6 1.4 3.8 0.0 4.2
192010 Raquel 2.1 1.8 7.8 6.9 1.6
554375 Tomas 5.3 1.4 5.3 2.7 2.5 6.4 3.1 0.0 7.1 0.4 7.5 2.4
138539 Reginald 6.6 7.9 4.9 2.6 6.9 3.1 7.5 7.9 7.0 3.3
184049 Vernon 0.9 1.9 2.1
743866 Elena 2.9 0.1 7.9 4.1 7.6 4.8 7.5 4.3 2.8 7.7 1.2 1.0
448898 Patrick 1.8 4.0 4.8 5.3 6.1 7.9 4.9 4.1 1.3 7.5 6.4
931990 Rogelio 2.3 1.2 2.3 2.8 5.3 1.4 0.6 2.3 0.2 6.7 1.2
180709 Diana 5.2 7.7 2.8 2.5 2.0 6.5
690478 Jonathan 2.3 7.0 4.1
944411 Rochelle 7.1 2.8 2.6 2.8
262031 Caleb 3.9
396482 Lee 3.4 2.3 0.3 5.5 6.4 6.2 7.8 4.1 0.3 5.1 5.8 5.3
455657 Richard 5.3 4.5 6.7 1.6 4.5 3.2 0.7 0.0 4.8 3.7
16592 Bob 1.6
859307 Maryann 4.4 6.4 0.4 3.9 1.8 2.3 0.3 5.2 7.1
281230 Harold 0.3 5.8 3.7 2.7 1.8 4.7 3.5 0.5 4.8 6.1 4.8 5.6
141069 Regina 0.9 2.3 7.7 4.5 7.9 0.4 8.0 7.3 4.2 5.5
888737 Cory 3.7 3.4 6.6 3.9 3.9 7.5 6.5 3.5 1.9 3.3 5.7
73725 Hubert 5.7 4.7
961656 Vincent 6.8 3.3 6.2 2.4 1.3 6.3 7.5 3.0 7.7 1.0 7.7 7.1 2.4
397016 Ken 1.4 7.5 5.1 6.1 0.7 1.6 7.9 3.9 5.6 6.0 4.8 6.4
722308 Lana 6.8 6.1 3.8 2.7 6.2 6.7 5.2 3.0 3.9 6.3
273813 Jenny 6.2 7.5 3.2 5.1 0.8 7.2 7.0 7.1
528720 Brandon 3.8 5.8
770433 Lola 3.6 0.9 1.2
558966 Mable 7.9 1.3 3.8 2.1 5.1 0.3 5.4
214732 Gloria 7.9 2.1 1.3 1.8 0.2 6.7 4.8 6.2 1.9
658951 Lila 1.2 7.8 6.6 0.1 3.9 2.9 4.7 1.9 3.3 1.9
62564 Glenda 2.9 3.9 2.8 6.1 0.6 7.4 1.0 2.1 2.9 5.9 6.6
138831 Pedro 7.5 5.7 0.2 5.5 3.5
979074 Max 1.9 5.2 1.1 3.3 7.5 0.3
375864 Ignacio 1.0 6.8 4.3 1.5 6.9 0.3 5.9 7.8 5.1 5.8 4.3 4.2 6.4
216811 Willie 0.5 7.5
160727 Pauline 7.5 2.8
768879 Delores 1.0
348610 Nellie 4.3 7.9 2.8 0.5 3.2 7.3 3.2 6.4 3.9 1.5
460754 Sheldon 1.7 5.8 7.5 0.9 7.6 4.1 7.5 4.7
639748 Ann 1.2 6.0 6.7 2.7 2.4 1.5 1.2
615534 Henrietta 2.7
453944 Dixie 6.0 2.2 7.8 5.3
412710 Ana 1.7 3.2 0.0 7.6 2.6 1.1 1.8 6.0 5.7 4.5 1.1 1.3
323559 Brandi 0.6 6.5 6.8 4.5 7.3
919393 Wm 0.0 0.6 3.2 4.0 2.1 4.1 4.6 5.6 1.7 3.3 7.9 4.7 6.9
369702 Linda 3.3 4.0 4.1 0.0 7.7 6.1 1.7 0.8 1.2
140533 Christine 4.4 4.0 1.7 7.1 1.2 1.6
839120 Jared 3.3 5.9 4.8 5.1 7.5 1.1 0.3 7.5
378730 Steven 5.3 0.5 5.0 7.0 2.3 6.0 2.9 3.3
693999 Ryan 7.0 5.1 2.3 8.0 0.2 7.4 6.4 4.5 4.9 5.4
275801 Wayne 4.3 5.4 6.2 4.4 3.4 7.7 0.4 6.4
98417 Bernard 5.4 6.7 6.4 4.8 5.5 1.0 0.5 0.7 0.8 6.0 7.7
218142 Mario 7.3 2.3 6.4 4.6 4.2 4.8 4.3 0.2 0.3 7.8 2.4
345233 Kristen 5.8 0.1 5.0 1.7 5.5 2.6 5.2 6.4 6.5 6.9 0.9
350048 Evelyn 2.4 2.3 0.9 2.4 4.9 6.5
343942 David 0.7 0.7 7.2 6.3 1.6
595818 Jeremiah 2.4 5.9 5.6 6.8 5.4 6.2 7.9 5.6 5.5 1.5 2.9 5.4 6.5
319538 Isabel 1.7 1.7 5.2 4.2 7.3
57535 Evan 0.8
907461 Ashley 3.1 7.6 0.0 3.9
298622 Margie 4.6 1.9 0.6 1.9 4.5 2.2
817774 Jaime 1.4 5.7 6.3 1.5 2.8 3.8 4.5 4.1
934999 Laurie 2.2 0.7
